-1.13933054418729
-1.38956280272455
-1.46427864519255
-0.771402282836843
-2.45451924323433
-2.53173136529269
-0.585147032511934
-4.53260862043966
-0.593824236717293
-1.38688905971912
-2.49527766850141
-1.73538943211652
0.91300105348625
-4.14696407077148
-3.47921987976619
-2.00766789387212
-3.72876356921769
-1.11373904691801
-0.716923558501225
-1.33254433207279
-0.984736485140916
-4.77208525334549
-0.989487677263845
0.444727886065754
-0.129070694759691
-2.77946763634608
1.20221693265651
-3.91963951568596
-4.37192529305329
-0.498441678852203
-4.59804438953968
-0.382168049862368
-1.56516376434081
-0.720897800318107
-0.724296802078357
-1.8829537957885
-0.237402764116535
-0.714888106720234
-3.64062349641719
-3.01168856716308
-0.477597120292055
-3.12712799176494
-4.75174196842826
-0.694166968747554
-1.65252122013147
-0.098364270780666
-0.873817872518156
-0.012873342457726
-0.06954224996399
-1.70276013102121
