   3.5576671e+00
   4.8738850e+00
   8.0115314e-01
   3.9421733e+00
   3.4187652e+00
   1.8123117e+00
   2.7064080e+00
   3.5026245e+00
   6.7583969e+00
   5.9694370e+00
   1.8701131e+00
   6.2749235e+00
   3.9854042e+00
   3.2169451e+00
   4.0147429e+00
   3.1150339e+00
   3.2158557e+00
   4.8496976e+00
   4.7890345e+00
   4.8171924e+00
   4.0914971e+00
   2.2325131e+00
   4.1772387e+00
   5.1102353e+00
   3.9888938e+00
   4.5546930e+00
   4.2668851e+00
   3.2565591e+00
   3.8738715e+00
   2.8127172e+00
   4.5083956e+00
   2.4929299e+00
   2.5911295e+00
   2.8705013e+00
   7.5571584e-01
   5.1583803e+00
   4.0651905e+00
   3.0050717e+00
   5.1502985e+00
   2.0884836e+00
   3.7177576e+00
   3.5985530e+00
   4.1792067e+00
   4.1928586e+00
   3.0351201e+00
   3.8899487e+00
   3.7751210e+00
   4.5877073e+00
   5.0732657e+00
   5.1092733e+00
   3.1563472e+00
   4.1173591e+00
   2.8458830e+00
   2.9664993e+00
   4.0931507e+00
   5.6526303e+00
   3.3703341e+00
   4.5313788e+00
   3.9544156e+00
   5.3173561e+00
   3.1309357e+00
   4.2725575e+00
   4.8125270e+00
   5.3806102e+00
   5.8442119e+00
   4.4059311e+00
   2.8484097e+00
   3.6176982e+00
   3.3184183e+00
   6.7504572e+00
   3.8043981e+00
   5.1880768e+00
   4.2675815e+00
   5.3686104e+00
   3.7351508e+00
   3.1177310e+00
   3.1176241e+00
   5.0481939e+00
   4.4026248e+00
   4.4039465e+00
   6.0393102e+00
   4.9315844e+00
   4.8578111e+00
   6.2676991e+00
   3.8955340e+00
   5.4166244e+00
   5.5750882e+00
   4.5162849e+00
   4.9956701e+00
   3.6341561e+00
   3.6720472e+00
   4.9448747e+00
   5.5822540e+00
   7.4654913e+00
   4.2331093e+00
   5.1073310e+00
   4.8575056e+00
   3.0269771e+00
   4.5410338e+00
   3.2053212e+00
   5.8603755e+00
   4.1519679e+00
   5.1600928e+00
   4.5354711e+00
   5.4035208e+00
   4.5196734e+00
   5.6299653e+00
   5.8993631e+00
   6.8918878e+00
   5.0058765e+00
   3.0816447e+00
   4.4004113e+00
   6.6145943e+00
   4.2078447e+00
   6.2609539e+00
   5.4440498e+00
   6.7766966e+00
   3.3991000e+00
   5.1823018e+00
   4.1921545e+00
   8.3280080e+00
   6.2652189e+00
   6.8389720e+00
   4.4218197e+00
   5.0313844e+00
   5.2475306e+00
   6.6384246e+00
   5.2821281e+00
   6.2815415e+00
   3.5481837e+00
   5.2661500e+00
   4.8164135e+00
   4.0829430e+00
   6.1879747e+00
   5.9819841e+00
   5.7534799e+00
   4.4063221e+00
   6.8874923e+00
   6.1301794e+00
   5.5009340e+00
   5.8428898e+00
   5.5780046e+00
   4.1097876e+00
   5.5943490e+00
   5.0686335e+00
   4.9407937e+00
   4.7835983e+00
   5.4264429e+00
   3.9773643e+00
   6.9642294e+00
   6.5400601e+00
   6.0199721e+00
   6.0252289e+00
   5.2818364e+00
   7.1186853e+00
   5.9867825e+00
   5.4254698e+00
   7.5113858e+00
   5.9552289e+00
   5.6109710e+00
   5.9262464e+00
   5.3920738e+00
   5.1398717e+00
   8.8059997e+00
   7.9554976e+00
   6.6275352e+00
   5.0828816e+00
   5.4945320e+00
   6.2034659e+00
   7.1914161e+00
   5.0879956e+00
   4.1101328e+00
   5.0109027e+00
   6.8135108e+00
   6.8913536e+00
   6.9716794e+00
   6.4097153e+00
   6.7436891e+00
   6.1038470e+00
   7.4620216e+00
   5.2583055e+00
   7.0950296e+00
   5.8112906e+00
   6.3451131e+00
   7.2527833e+00
   7.7590907e+00
   5.6223613e+00
   8.0206587e+00
   7.4401431e+00
   6.7321344e+00
   6.6247788e+00
   6.6223936e+00
   6.5568924e+00
   6.9030456e+00
   6.9512904e+00
   7.7460628e+00
   8.4669767e+00
   7.4269144e+00
   6.7702867e+00
   7.6251904e+00

